320.3566                  3.0000
139.6035                  6.0000
114.9204                  9.0000
138.5060                 12.0000
13.5210                 15.0000
111.7652                 18.0000
112.0634                 21.0000
112.7043                 24.0000
112.9908                 27.0000
13.1135                 30.0000
111.3191                 33.0000
177.7215                 36.0000
112.1890                 39.0000
115.4508                 42.0000
123.2937                 45.0000
120.7958                 48.0000
118.6983                 51.0000
112.3862                 54.0000
122.4640                 57.0000
156.6688                 60.0000
122.6740                 63.0000
113.3082                 66.0000
123.3253                 69.0000
117.1735                 72.0000
164.5279                 75.0000
113.0039                 78.0000
112.7545                 81.0000
136.5034                 84.0000
147.9713                 87.0000
114.1265                 90.0000
112.9574                 93.0000
139.4889                 96.0000
114.2885                 99.0000
160.8908                102.0000
118.8447                105.0000
113.7916                108.0000
114.0566                111.0000
128.9849                114.0000
113.4176                117.0000
112.8530                120.0000
113.2203                123.0000
113.4475                126.0000
114.7711                129.0000
113.9442                132.0000
114.2145                135.0000
123.6478                138.0000
112.5495                141.0000
112.2387                144.0000
113.4952                147.0000
115.2160                150.0000
115.8712                153.0000
126.9966                156.0000
112.9185                159.0000
13.2750                162.0000
13.0586                165.0000
116.3813                168.0000
13.4888                171.0000
112.6406                174.0000
134.7575                177.0000
27.2353                180.0000
21.4384                183.0000
140.9979                186.0000
13.3839                189.0000
112.1068                192.0000
112.4269                195.0000
13.3808                198.0000
176.5783                201.0000
13.1764                204.0000
12.7856                207.0000
112.2296                210.0000
12.8524                213.0000
115.0040                216.0000
113.1808                219.0000
13.2341                222.0000
12.9592                225.0000
21.7552                228.0000
113.5587                231.0000
123.0697                234.0000
112.8780                237.0000
115.1361                240.0000
154.0109                243.0000
112.5361                246.0000
114.5110                249.0000
115.8029                252.0000
112.8978                255.0000
113.4880                258.0000
114.9952                261.0000
113.9456                264.0000
126.8369                267.0000
159.8954                270.0000
114.7509                273.0000
115.7983                276.0000
113.7501                279.0000
121.5747                282.0000
112.7212                285.0000
112.9468                288.0000
114.7980                291.0000
114.1565                294.0000
154.8823                297.0000
