57.2760                  3.0000
47.2585                  6.0000
12.5308                  9.0000
11.1528                 12.0000
11.6961                 15.0000
10.6228                 18.0000
39.1681                 21.0000
23.2345                 24.0000
10.9789                 27.0000
46.8877                 30.0000
23.9152                 33.0000
12.2033                 36.0000
46.3869                 39.0000
22.6382                 42.0000
10.4286                 45.0000
39.2484                 48.0000
37.9973                 51.0000
46.9122                 54.0000
41.9896                 57.0000
43.1328                 60.0000
39.4251                 63.0000
42.5805                 66.0000
42.8413                 69.0000
72.5921                 72.0000
47.4162                 75.0000
45.2227                 78.0000
50.2701                 81.0000
44.6288                 84.0000
43.6257                 87.0000
44.0611                 90.0000
45.6190                 93.0000
47.0591                 96.0000
47.3338                 99.0000
69.6238                102.0000
55.8424                105.0000
57.4297                108.0000
66.2199                111.0000
54.2016                114.0000
60.8998                117.0000
46.2512                120.0000
45.7210                123.0000
46.1181                126.0000
53.1979                129.0000
65.5775                132.0000
61.1183                135.0000
70.5159                138.0000
49.0969                141.0000
49.2491                144.0000
51.5693                147.0000
46.3017                150.0000
49.6955                153.0000
54.4709                156.0000
48.7445                159.0000
45.0614                162.0000
45.4969                165.0000
44.9484                168.0000
43.5896                171.0000
47.7393                174.0000
55.7007                177.0000
50.5955                180.0000
51.8586                183.0000
52.3070                186.0000
44.5788                189.0000
49.2581                192.0000
48.8607                195.0000
45.8766                198.0000
48.7927                201.0000
25.9998                204.0000
19.1298                207.0000
41.9013                210.0000
39.1970                213.0000
39.7545                216.0000
51.9855                219.0000
37.1918                222.0000
46.8275                225.0000
40.8560                228.0000
42.3793                231.0000
45.6768                234.0000
41.4458                237.0000
40.3038                240.0000
49.0867                243.0000
46.0070                246.0000
43.2156                249.0000
71.9751                252.0000
47.3728                255.0000
48.8164                258.0000
50.1518                261.0000
55.3427                264.0000
42.3387                267.0000
85.5807                270.0000
51.7745                273.0000
49.7576                276.0000
53.9969                279.0000
64.8746                282.0000
45.6151                285.0000
77.3267                288.0000
45.6772                291.0000
54.9749                294.0000
56.1427                297.0000
