56.7838                  3.0000
58.7669                  6.0000
14.4478                  9.0000
53.0391                 12.0000
14.6124                 15.0000
14.5910                 18.0000
60.0268                 21.0000
60.2525                 24.0000
61.9207                 27.0000
60.8896                 30.0000
61.0024                 33.0000
13.6021                 36.0000
51.7901                 39.0000
53.6290                 42.0000
58.0203                 45.0000
55.7810                 48.0000
13.5858                 51.0000
12.8484                 54.0000
13.5902                 57.0000
47.3012                 60.0000
39.5198                 63.0000
38.2764                 66.0000
39.0052                 69.0000
39.3675                 72.0000
39.5928                 75.0000
13.2830                 78.0000
37.7683                 81.0000
39.0459                 84.0000
38.6090                 87.0000
38.5609                 90.0000
43.0990                 93.0000
45.0291                 96.0000
42.2877                 99.0000
41.3329                102.0000
42.2152                105.0000
38.5633                108.0000
38.6731                111.0000
39.2214                114.0000
38.2672                117.0000
41.7510                120.0000
39.8276                123.0000
38.8218                126.0000
39.0375                129.0000
39.1864                132.0000
39.3677                135.0000
37.9609                138.0000
13.4554                141.0000
13.5910                144.0000
37.2849                147.0000
13.4463                150.0000
38.7812                153.0000
37.6207                156.0000
38.5310                159.0000
42.0079                162.0000
40.7255                165.0000
38.1407                168.0000
39.5780                171.0000
14.1104                174.0000
13.1729                177.0000
36.6898                180.0000
38.5504                183.0000
13.5451                186.0000
13.0660                189.0000
37.2120                192.0000
13.0958                195.0000
13.3570                198.0000
13.4356                201.0000
37.0410                204.0000
13.2169                207.0000
15.7287                210.0000
13.2950                213.0000
14.2542                216.0000
14.1539                219.0000
22.8528                222.0000
51.8272                225.0000
18.6269                228.0000
12.6780                231.0000
13.4123                234.0000
18.1128                237.0000
15.3568                240.0000
13.6227                243.0000
17.1249                246.0000
40.0181                249.0000
17.8680                252.0000
14.0632                255.0000
14.6356                258.0000
13.7006                261.0000
20.5344                264.0000
22.1974                267.0000
50.9775                270.0000
45.3592                273.0000
14.6792                276.0000
39.8636                279.0000
13.7004                282.0000
37.5665                285.0000
13.7576                288.0000
14.2347                291.0000
22.6703                294.0000
39.7550                297.0000
